Size       | Pattern              | Len   | Matches  | FA (ms)      | Z-Algo (ms)  | Bitap (ms)   | Best
--------------------------------------------------------------------------------------------------------
100000     | GACACAAG             | 8     | 2        | 71.98        | 279.71       | 629.40       | FA
100000     | AAAAAAAA             | 8     | 92000    | 170.29       | 466.03       | 567.69       | FA
100000     | TGACATTCGGAGGAAAAG   | 18    | 1        | 109.83       | 274.69       | 837.11       | FA
100000     | AAAAAAAAAAAAAAAAA..  | 20    | 80000    | 156.08       | 465.16       | 692.54       | FA
100000     | AAAAAAAAAAAAAAAAA..  | 48    | 52000    | 143.86       | 468.29       | 641.89       | FA
100000     | TGACATTCGGAGGAAAA..  | 54    | 1        | 124.11       | 268.57       | 768.86       | FA
500000     | GTAGTCAG             | 8     | 12       | 332.63       | 988.24       | 6067.85      | FA
500000     | AAAAAAAA             | 8     | 460000   | 847.14       | 2459.28      | 6074.31      | FA
500000     | AAAAAAAAAAAAAAAAA..  | 22    | 390000   | 794.15       | 2412.07      | 6454.81      | FA
500000     | GTAACTAGCTTCTTGAA..  | 24    | 1        | 441.30       | 1343.22      | 7313.52      | FA
500000     | AAAAAAAAAAAAAAAAA..  | 37    | 315000   | 681.23       | 2138.93      | 6428.14      | FA
500000     | GTAACTAGCTTCTTGAA..  | 52    | 1        | 498.87       | 1031.53      | 6588.06      | FA
1000000    | AAAGCCAA             | 8     | 15       | 644.85       | 1978.07      | 19763.73     | FA
1000000    | AAAABAAA             | 8     | 9999     | 630.00       | 3874.89      | 18310.65     | FA
1000000    | AGGTTATAAATTCGC      | 15    | 1        | 688.06       | 2174.68      | 20774.95     | FA
1000000    | AAAAAAAAAAAAAAAAAAA  | 19    | 810000   | 1576.79      | 4719.81      | 20612.65     | FA
1000000    | AAAAAAAAAAAAAAAAA..  | 45    | 550000   | 1260.17      | 4354.68      | 20447.39     | FA
1000000    | AGGTTATAAATTCGCGG..  | 64    | 1        | 823.45       | 2231.45      | 22361.98     | FA
5000000    | CGTTCGGG             | 8     | 92       | 3190.67      | 9986.16      | 704215.71    | FA
5000000    | AAAAAAAA             | 8     | 4600000  | 8293.78      | 23416.18     | 385960.27    | FA
5000000    | TCCGGAGGTGCCAGCCA    | 17    | 1        | 3249.31      | 9762.14      | 633816.57    | FA
5000000    | AAAAAAAAAAAAAAAAA..  | 25    | 3750000  | 7578.38      | 23299.75     | 564899.09    | FA
5000000    | TCCGGAGGTGCCAGCCA..  | 49    | 1        | 3853.98      | 12161.25     | 730602.16    | FA
5000000    | AAAAAAAAAAAAAAAAA..  | 54    | 2300000  | 11976.64     | 43374.87     | 441862.92    | FA
10000000   | CTTGCACT             | 8     | 161      | 6719.70      | 19732.54     | 1607429.35   | FA
10000000   | AABAAAAA             | 8     | 99999    | 14075.75     | 82078.19     | 1853845.20   | FA
10000000   | AAAAAAAAAAAAAAAAA..  | 20    | 8000000  | 15979.38     | 46010.83     | 1568463.63   | FA
10000000   | AGAACGCCAACCGGGCT..  | 22    | 1        | 14389.23     | 66419.74     | 3888925.90   | FA
10000000   | AGAACGCCAACCGGGCT..  | 50    | 1        | 27248.20     | 80519.27     | 1872205.83   | FA
10000000   | AAAAAAAAAAAAAAAAA..  | 56    | 4400000  | 11067.52     | 40070.06     | 2274322.99   | FA
